6.100000000000000000e+03
6.230000000000000000e+03
6.361018166962478972e+03
6.100000000000000000e+03
6.279767538306794449e+03
6.278779258837840644e+03
6.331346142561406850e+03
6.100000000000000000e+03
6.048321468752979854e+03
6.061985215953514853e+03
6.034895389319285641e+03
6.102955686787720879e+03
6.121025025009505043e+03
6.109412855405705159e+03
5.984864332843197190e+03
5.937172671830005129e+03
5.949906223506123752e+03
6.068451349345650669e+03
6.084007321975916966e+03
6.195675935150988153e+03
6.279731434488303421e+03
6.174697084841955984e+03
6.045105140701766686e+03
6.098406442088345102e+03
6.082753750427815248e+03
5.952350863253288480e+03
5.953411560104237651e+03
5.874051943346713415e+03
6.100000000000000000e+03
6.084073831322521983e+03
6.057589425223266517e+03
5.885160133292423779e+03
6.100000000000000000e+03
6.041665907571036769e+03
5.986921363248874513e+03
6.023477468434868570e+03
6.095696733835392479e+03
6.146647766950619371e+03
6.029771577281228929e+03
6.057683466169864005e+03
6.026501264642333808e+03
5.941348734344972399e+03
5.920720300422220134e+03
5.851267802969317927e+03
6.100000000000000000e+03
6.008761066378232499e+03
5.974175697019742984e+03
6.008601904341593581e+03
6.048338456247294744e+03
6.051007907412070381e+03
6.078805931269280336e+03
5.965861715864727557e+03
5.972231431258422163e+03
5.927770577390226208e+03
5.997324862994154500e+03
5.992357310827134825e+03
6.154073794652537799e+03
6.051736016781814214e+03
6.005713372015552522e+03
6.006007957714943586e+03
5.934260296385697075e+03
5.952827043812669217e+03
5.926016212577564147e+03
5.823665936231642263e+03
6.100000000000000000e+03
6.249236017952247494e+03
6.241389778146852223e+03
5.949607431986089068e+03
6.024611341114894458e+03
5.980794902184978127e+03
5.911337238043310208e+03
5.821669735118973222e+03
6.100000000000000000e+03
6.228920521339133302e+03
6.224820045899273282e+03
6.377226083349332839e+03
6.100000000000000000e+03
6.065566109113153288e+03
6.097692823159714862e+03
6.203445589532409940e+03
6.329547445080911530e+03
6.100000000000000000e+03
6.090524229832724814e+03
5.941027818249497614e+03
5.730178623371068170e+03
6.100000000000000000e+03
6.319072303667886445e+03
6.100000000000000000e+03
6.074020470881938309e+03
6.121986199514208238e+03
6.058708612924900081e+03
6.283021763425950667e+03
6.215335421035993022e+03
6.258979091029500523e+03
6.318074760125969078e+03
6.100000000000000000e+03
6.124630438019104076e+03
5.918656623981449229e+03
6.050429489066707902e+03
6.101561591466797836e+03
5.924044136596494354e+03
5.885066079996128792e+03
6.100000000000000000e+03
6.222980812831421645e+03
6.372932738384614822e+03
6.100000000000000000e+03
6.032015244174328473e+03
6.058411206960912750e+03
6.111698786845720861e+03
6.147902388584965593e+03
6.252637271493053959e+03
6.085486727324773710e+03
6.121692925235100120e+03
6.327450274292272297e+03
6.100000000000000000e+03
6.143591724922344838e+03
6.072509760667480805e+03
6.112729861565485407e+03
6.301113352128126280e+03
6.100000000000000000e+03
6.203611931695781095e+03
6.220182898728522559e+03
6.263528410561776582e+03
6.347389099893029197e+03
6.100000000000000000e+03
5.901940760165656684e+03
6.046535941828463365e+03
6.042343857437159386e+03
5.936572958496592037e+03
5.785068234363186093e+03
6.100000000000000000e+03
5.915458149139810303e+03
5.990094705103494562e+03
6.047185973283902968e+03
6.036977552506948996e+03
6.129507605391891047e+03
6.094814293084205929e+03
6.008664930039691171e+03
5.980896414195738544e+03
5.798070358264269998e+03
6.100000000000000000e+03
6.010633955851407336e+03
5.996761319231277412e+03
5.905239523040364475e+03
5.788568912841690690e+03
6.100000000000000000e+03
6.092532233100660051e+03
6.138885992309212270e+03
6.172537916398065136e+03
6.177373580144113475e+03
6.346264785322427088e+03
6.100000000000000000e+03
6.052974896479298877e+03
5.968229580772182999e+03
5.891082204585900399e+03
6.100000000000000000e+03
5.944847751983863418e+03
6.274328848690667655e+03
6.497216850990226703e+03
6.100000000000000000e+03
6.260995898747752108e+03
6.337960658451343079e+03
6.100000000000000000e+03
6.219919894300644046e+03
6.136276047284631204e+03
6.295778884871143418e+03
6.322967207739798141e+03
6.100000000000000000e+03
6.120864143531129230e+03
6.087207447708682594e+03
6.185604449229126658e+03
6.070181639046179953e+03
6.021061637402831366e+03
5.954225287519767335e+03
5.709524613437093649e+03
6.100000000000000000e+03
6.072190579607318796e+03
6.030310809468722255e+03
6.048006618484138016e+03
6.058177154033346596e+03
6.045164144370108261e+03
6.302709108453442241e+03
6.100000000000000000e+03
6.126199182471531458e+03
6.294180462892429205e+03
6.144442404069309305e+03
6.019425557421890517e+03
6.074273011250882519e+03
6.023825690140693951e+03
5.897477559240955998e+03
6.100000000000000000e+03
5.961640191853539363e+03
5.869843287368904384e+03
6.100000000000000000e+03
5.948154030113596491e+03
5.951171892266092982e+03
6.070023679519962570e+03
6.069245359674600877e+03
5.989834037585234000e+03
5.798446536181373631e+03
6.100000000000000000e+03
6.189790062322757876e+03
6.305649610465031401e+03
6.100000000000000000e+03
6.173653601335874555e+03
6.157855279292835803e+03
6.113523727712019536e+03
6.209814772777849612e+03
6.120278415358629900e+03
6.024944939107851496e+03
6.097275537448826981e+03
5.992322268423706191e+03
5.982738688845503930e+03
5.748038086232927526e+03
6.100000000000000000e+03
6.223598821905053228e+03
6.247594318768869016e+03
6.303083320067897148e+03
6.100000000000000000e+03
6.153013090894216475e+03
6.277000958542924309e+03
6.171208134785597395e+03
6.253805485984982624e+03
6.216812878175997866e+03
6.379680276748155848e+03
6.100000000000000000e+03
6.148377022689997830e+03
6.136736912907011174e+03
6.215373285169764131e+03
6.123801264468181216e+03
6.046661873086912237e+03
5.851220683941376592e+03
6.100000000000000000e+03
6.140345157415558788e+03
6.325694708295448436e+03
6.100000000000000000e+03
6.046691808530958042e+03
5.990018760661369924e+03
6.008410300500951053e+03
6.174128166104051161e+03
6.115527310738137203e+03
6.090360150697377321e+03
5.915383036350072871e+03
5.697254111113584258e+03
6.100000000000000000e+03
6.000759129579347245e+03
5.953928081752086655e+03
5.898609485432706606e+03
6.100000000000000000e+03
6.135671965745042144e+03
6.117565620966805000e+03
6.091599358589372059e+03
6.109549367745554264e+03
6.150074856938990706e+03
6.240320644498484398e+03
6.110219715009603533e+03
6.098651065864649354e+03
6.192684477766551936e+03
6.041165978867279591e+03
6.024349099475309231e+03
6.043717242456790700e+03
5.907393891645645454e+03
5.949845194420576263e+03
6.023037259925044964e+03
6.112597782915909193e+03
6.232958431906269652e+03
6.308196441633833274e+03
6.100000000000000000e+03
5.904488594792192998e+03
5.934782872631563805e+03
5.882300751410436533e+03
6.100000000000000000e+03
6.174225573176234320e+03
6.200032339433963898e+03
6.219344260056578605e+03
6.365258127491929372e+03
6.100000000000000000e+03
5.949973035898255148e+03
5.899833088124951246e+03
6.100000000000000000e+03
6.039421922383167839e+03
5.911294002296125655e+03
5.943823630298767057e+03
6.076045172243344496e+03
5.935656436652066986e+03
5.741475723073783229e+03
6.100000000000000000e+03
6.157858764026668723e+03
6.075307684013986545e+03
5.928871462852122932e+03
5.887876019308701871e+03
6.100000000000000000e+03
6.100643319788148801e+03
6.237127318076757547e+03
6.077541800563844845e+03
5.927754113876797419e+03
5.851840659612943455e+03
6.100000000000000000e+03
6.229126900631427816e+03
6.197187849983177330e+03
6.148105437438984154e+03
6.257582867653275571e+03
6.231966006146856671e+03
6.396658635884685282e+03
6.100000000000000000e+03
6.238856658409764350e+03
6.270434293836755387e+03
6.234239648430542729e+03
6.194550052839399541e+03
6.322543500006647264e+03
6.100000000000000000e+03
6.073060029210891116e+03
6.056457964009283387e+03
6.037559999417546351e+03
6.012693268599853582e+03
6.001917499524631239e+03
6.123516755703374656e+03
6.130616371932683251e+03
6.096276172550884439e+03
6.245934352411171858e+03
6.080511941966872655e+03
6.080322951878180902e+03
5.951347496677812160e+03
5.999290816108432409e+03
5.910008087595136203e+03
5.952382360512910964e+03
5.992418726176621931e+03
6.091174928868433199e+03
6.142299202843641979e+03
5.992849746102278914e+03
5.934900492565210698e+03
6.075250559808533581e+03
6.155727993717385289e+03
6.249083979493064362e+03
6.307382338447966504e+03
6.100000000000000000e+03
6.094225177550570152e+03
6.099425712137570372e+03
6.003212661612246848e+03
5.857103729045395085e+03
6.100000000000000000e+03
6.158914313349473559e+03
6.105916988067211605e+03
6.010065231729778134e+03
5.917592992937533381e+03
5.928529349602175898e+03
5.934285934207410719e+03
5.978114395795175369e+03
5.884243710290069430e+03
6.100000000000000000e+03
6.160508261628085165e+03
6.182525022789754075e+03
6.373462099107845461e+03
6.100000000000000000e+03
5.981291445326864959e+03
6.026117554728452888e+03
6.130826271224537777e+03
6.221485520303609519e+03
6.246525206998356225e+03
6.207257851726738409e+03
6.256568531397609149e+03
6.123046672228377247e+03
6.293526747987500130e+03
6.233770475951308981e+03
6.378070402133386779e+03
6.100000000000000000e+03
6.125662822877379767e+03
5.827268021660229351e+03
6.100000000000000000e+03
5.992671544801240088e+03
6.035784600604715706e+03
6.152102183463050096e+03
6.169858349424745029e+03
6.134867380063390556e+03
6.271517795217766434e+03
6.268346945836395207e+03
6.392947663128343265e+03
6.100000000000000000e+03
5.960319359887882456e+03
5.894376014842457153e+03
6.100000000000000000e+03
6.023279589598459097e+03
5.951243554108737044e+03
5.904239068561134445e+03
6.016976169572887557e+03
5.874182150548674144e+03
6.100000000000000000e+03
6.179126645605257181e+03
6.134627472822954587e+03
6.254890004495376161e+03
6.113325071286782077e+03
6.156615072892943317e+03
6.315059371437440859e+03
6.100000000000000000e+03
6.180568023927665308e+03
6.285418854791887497e+03
6.138425402176583702e+03
6.122541637348823315e+03
6.158121431961169947e+03
6.085227187756873718e+03
6.077031022605163344e+03
6.030111006775332498e+03
5.999401888207807133e+03
6.045262571854445014e+03
6.303470222106678193e+03
6.100000000000000000e+03
6.097048036244654213e+03
6.198199800211847105e+03
5.980995850191685349e+03
6.003726902177307238e+03
6.105038281598222056e+03
6.033143606103506499e+03
6.077996665887349991e+03
6.087129806054215805e+03
6.035179369929551285e+03
5.962901431846750711e+03
5.763191246707921891e+03
6.100000000000000000e+03
6.258419907117190633e+03
6.353270471997204368e+03
6.100000000000000000e+03
5.994120672355362331e+03
5.884077636208321564e+03
6.100000000000000000e+03
6.090237289965059063e+03
6.125313459267644248e+03
6.069022858709868160e+03
6.207435327962085466e+03
6.153836148702794162e+03
6.178003378141586836e+03
6.254854810746319345e+03
6.367741281555355272e+03
6.100000000000000000e+03
6.050937527137117286e+03
6.180258227161092691e+03
6.198223684379261613e+03
6.150733975466778247e+03
6.288798412280432785e+03
6.176556181659962022e+03
6.173771502459809199e+03
6.230105794508464896e+03
6.178947456960187992e+03
6.137735157656437877e+03
6.218941616369319490e+03
6.088134822214060478e+03
6.288008775433229857e+03
6.281255738258121710e+03
6.244325789638692186e+03
6.181329104096844276e+03
6.117461001687586759e+03
6.049355124907036043e+03
6.298015795831747710e+03
6.243153807599443098e+03
6.170396887468362365e+03
6.184062930666211287e+03
6.143000166484895999e+03
6.096350352057797863e+03
6.115798960544271722e+03
6.005251217217511112e+03
5.922516855261965247e+03
5.896096923680204782e+03
6.100000000000000000e+03
5.950294271848411881e+03
5.827319986776551559e+03
6.100000000000000000e+03
6.219352560651837848e+03
6.252736728049353587e+03
6.159407766454939519e+03
6.070056072260011206e+03
6.046923090223494000e+03
6.171051870447878173e+03
6.126587480832059555e+03
6.043165608902841086e+03
5.848681563541625110e+03
6.100000000000000000e+03
5.979325669357058359e+03
6.033799068321864979e+03
6.103928875942649029e+03
6.062251567590290506e+03
5.918011376588146049e+03
6.006027266451268588e+03
5.993004041442382004e+03
5.913540426550069242e+03
5.910992417781993936e+03
6.139219474740261830e+03
6.317348461723549917e+03
6.100000000000000000e+03
5.995178522667214565e+03
5.850858395584671598e+03
6.100000000000000000e+03
6.072554449086818749e+03
5.912712523672773386e+03
5.863844025523119853e+03
6.100000000000000000e+03
6.087345566165141463e+03
6.080867373830698853e+03
6.092518660956188796e+03
5.912884630206976908e+03
5.797461608832491947e+03
6.100000000000000000e+03
6.067034132381442760e+03
6.150360982946989679e+03
6.064773715123785223e+03
6.223551367281844250e+03
6.176733487338987288e+03
6.107251015243025904e+03
6.069363515606454712e+03
6.199962421955319769e+03
6.133452934847631695e+03
6.169835054262804988e+03
6.074516235273079474e+03
6.124461322572732570e+03
5.998027400388420574e+03
6.001975062910993984e+03
6.004558312038522672e+03
5.958689240024529681e+03
5.956481961929008321e+03
6.118113783521906953e+03
6.114616091760181916e+03
5.937441965872150831e+03
6.094786903007877299e+03
6.200282646498530085e+03
6.181481290271439320e+03
6.254300915787293889e+03
6.369669843261477581e+03
6.100000000000000000e+03
6.191293272860068100e+03
6.184307092812510746e+03
6.127413105527853986e+03
6.098866522990098019e+03
6.067579547351078872e+03
6.010264408453027499e+03
6.099401506701387007e+03
5.990650139756803583e+03
6.081193353541167198e+03
6.142443490372343149e+03
6.298339751333642198e+03
6.124894841636199999e+03
6.076609481993802547e+03
6.124024683191643817e+03
6.046949628409395700e+03
5.929001750409523083e+03
5.980933057332394128e+03
5.845727436256075634e+03
6.100000000000000000e+03
6.019677095088568421e+03
5.863192748179742011e+03
6.100000000000000000e+03
6.188155674836514663e+03
6.063072298055116335e+03
6.196612969592095396e+03
6.350516852538827152e+03
6.100000000000000000e+03
6.084656549911855109e+03
6.152411569309901097e+03
5.998583053378564728e+03
6.004350572308078881e+03
6.082193802230805886e+03
6.035062062206779046e+03
6.376489453115555989e+03
6.100000000000000000e+03
6.153571305385088635e+03
6.262023112241252420e+03
6.265952340143218862e+03
6.339345626211902527e+03
6.100000000000000000e+03
6.033766106759821014e+03
6.021955004499714960e+03
5.906841498486651290e+03
5.839557589104047111e+03
6.100000000000000000e+03
6.136001398036731189e+03
6.283925587292608725e+03
6.482494921470454756e+03
6.100000000000000000e+03
6.111837652675013487e+03
6.219874288740184966e+03
6.301634929730856129e+03
6.100000000000000000e+03
6.136386308301096506e+03
6.007661557568812896e+03
5.937502137865976692e+03
6.026181121828314645e+03
5.774007589725423713e+03
6.100000000000000000e+03
6.098639129273965409e+03
6.128677331089384097e+03
6.043415160949823075e+03
6.166742430596868871e+03
6.201006078678739868e+03
6.221532881351291508e+03
6.263300401758319822e+03
6.292167280197932087e+03
6.334163947160132921e+03
6.100000000000000000e+03
6.168592190970703086e+03
6.190327851954050857e+03
6.340988924337748358e+03
6.100000000000000000e+03
6.062667223246314279e+03
5.985162479796694242e+03
5.939386727394038644e+03
5.956196161894679790e+03
5.974440876069410479e+03
6.019877275469102642e+03
6.145311216129501190e+03
6.214565277173307550e+03
6.289456698076355678e+03
6.247630691997403119e+03
6.248504833975116526e+03
6.226012734792658193e+03
6.228655475835361358e+03
6.106241277242815158e+03
6.131526320299648432e+03
6.162149267089083878e+03
6.082577829813069911e+03
5.911488189470127509e+03
5.900267801183430493e+03
6.025368913426103063e+03
6.060795408552848130e+03
6.069614195879807994e+03
6.070975596308740023e+03
6.156429946684642346e+03
6.104596139117425082e+03
6.176432211832975554e+03
6.185045342793223426e+03
6.117399976920419249e+03
5.998632472794833120e+03
5.975185127502946671e+03
6.063667124120834160e+03
6.128972900103110987e+03
6.031419211294201887e+03
5.926735006949487797e+03
5.849535513522434485e+03
6.100000000000000000e+03
6.126498720156589116e+03
6.127741678512348699e+03
6.234193867369910549e+03
6.419885773400090329e+03
6.100000000000000000e+03
6.234874231360015983e+03
6.283250475450367048e+03
6.350166896495365108e+03
6.100000000000000000e+03
6.049895470595347433e+03
5.978548015641919847e+03
5.970556723072159912e+03
5.986398107300270567e+03
5.785765385933592370e+03
6.100000000000000000e+03
6.071968019921864652e+03
6.003544791559902478e+03
5.970818785075265623e+03
6.029522917915894141e+03
6.036847758251137748e+03
6.114634124492122282e+03
6.126994292037677951e+03
6.202711659765361219e+03
6.227931320976385905e+03
6.164320561049185926e+03
6.300727168419885857e+03
6.100000000000000000e+03
6.014118305503963711e+03
6.014236689599158126e+03
6.048182785531088484e+03
6.072097767793397907e+03
5.930819687133746811e+03
6.107590005105745149e+03
6.124740382152541315e+03
5.951996434988885994e+03
6.098032033689075433e+03
6.051733772584600956e+03
5.965126630618525269e+03
5.893759359802528706e+03
6.100000000000000000e+03
6.088618252329839379e+03
6.036144000618778591e+03
6.041951152730939612e+03
5.903891109001050609e+03
6.058590314313204544e+03
6.024687832950047778e+03
5.927070601151044684e+03
6.147288169131255017e+03
6.158709337218306246e+03
6.261164689470870144e+03
6.232692133714028387e+03
6.198137754422350554e+03
6.030415557508095844e+03
5.888526477668699044e+03
6.100000000000000000e+03
6.227941783316950932e+03
6.254090482189920294e+03
6.324043226291962128e+03
6.100000000000000000e+03
6.202124456641194229e+03
6.243008701333264071e+03
6.328415068501781207e+03
6.100000000000000000e+03
6.225173298005058314e+03
6.313481612567642514e+03
6.100000000000000000e+03
5.910870283735522207e+03
5.970374227716311907e+03
6.096105350407505284e+03
6.239259258605472496e+03
6.125591942940336594e+03
6.165277852116187205e+03
6.184913839459532937e+03
6.181834279236148177e+03
6.237511495371704768e+03
6.385237279403527282e+03
6.100000000000000000e+03
6.103734177021872711e+03
6.100254627407401131e+03
6.137484522269856825e+03
6.153626363719477922e+03
6.060104511257298327e+03
6.090800004809558231e+03
5.950937891732735807e+03
5.860804310472643920e+03
6.100000000000000000e+03
6.173203219790276307e+03
6.167733606832683108e+03
6.145132015633159426e+03
6.147952291668618273e+03
6.118355771468224702e+03
6.017667950198223480e+03
6.184919412590328648e+03
6.249055621295752644e+03
6.118031415883672707e+03
6.093076703778428055e+03
6.016745806547567554e+03
5.915557101705408058e+03
5.914646523084104047e+03
5.813080953770846463e+03
6.100000000000000000e+03
6.213799080705804954e+03
6.183572254850821992e+03
6.148581061634260550e+03
6.280282461900188537e+03
6.175961405908910820e+03
6.125656642325183384e+03
6.122635147125863114e+03
6.193278474707793976e+03
6.099960358767323669e+03
5.986803124693549762e+03
5.894262842170938711e+03
6.100000000000000000e+03
6.117154366309939178e+03
6.184038497452344018e+03
6.372877269282330417e+03
6.100000000000000000e+03
6.146844285893730557e+03
6.088388586937884611e+03
6.181617659317771540e+03
6.277510850976063921e+03
6.335657013135203670e+03
6.100000000000000000e+03
5.928925087779535716e+03
5.763903552168950227e+03
6.100000000000000000e+03
6.069696379758852345e+03
5.983888175462730942e+03
5.855930045809946023e+03
6.100000000000000000e+03
6.001929632187605421e+03
6.020449092703709539e+03
6.054332332716716337e+03
6.051856346566276443e+03
6.272980975600910824e+03
6.193150582137001038e+03
6.205737282106573730e+03
6.217344336427132475e+03
6.195666000176644047e+03
6.362760538800022005e+03
6.100000000000000000e+03
6.343931759283655083e+03
6.100000000000000000e+03
6.193563949193824556e+03
6.032122566501524489e+03
5.927412006465779086e+03
6.046529950158601423e+03
5.955325261294955453e+03
5.958734139423796478e+03
5.946336197344557149e+03
6.001519902448239009e+03
5.996773366821927084e+03
6.072619480660006047e+03
6.092968783917048313e+03
6.070236528436043045e+03
5.854129299114409150e+03
6.100000000000000000e+03
6.132554044674410761e+03
6.130397668746021736e+03
6.250707716204773533e+03
6.330167809993783521e+03
6.100000000000000000e+03
6.198390020522629129e+03
6.205821471316828138e+03
6.227834732280125536e+03
6.196695757583867817e+03
6.079722201489889812e+03
5.975419895282824655e+03
5.936966393859653181e+03
5.946619837895219462e+03
5.984423189139547503e+03
5.952397568282986867e+03
6.010720855057159497e+03
5.964746665263610339e+03
5.820187435638191346e+03
6.100000000000000000e+03
6.163293325902440301e+03
6.134757538093569565e+03
6.091434688128413654e+03
6.118351781747604036e+03
6.030776750001955406e+03
6.038559271165749124e+03
6.002576050210627727e+03
6.051117100496040621e+03
6.000013295494391059e+03
6.006246100141233001e+03
6.163819308817427554e+03
6.013776223115221910e+03
6.071877961019587929e+03
5.993636706510040312e+03
6.031996208753924293e+03
6.048430562906801242e+03
6.102472823040933690e+03
6.198111465206154207e+03
6.126383126233487019e+03
6.102253492131509120e+03
6.210253280164495663e+03
6.311515797944024598e+03
6.100000000000000000e+03
6.013033948890445572e+03
5.994927448451355303e+03
6.170634272045279431e+03
6.199417360777467366e+03
6.434698259445243821e+03
6.100000000000000000e+03
5.890395650469875363e+03
6.100000000000000000e+03
6.264857105838832467e+03
6.358183522498083221e+03
6.100000000000000000e+03
6.146448806841825899e+03
6.099178736877001938e+03
6.199718582729695299e+03
6.111663589048241192e+03
5.956638022011682551e+03
6.053493893474445940e+03
6.213347805642378262e+03
5.945090058505169509e+03
5.931722622153138218e+03
5.908417277299697162e+03
5.880922885691640658e+03
6.100000000000000000e+03
5.982029969138450724e+03
5.993173405594358883e+03
5.719178630920308024e+03
6.100000000000000000e+03
6.252163020975180189e+03
6.253084176697585463e+03
6.304163849738537465e+03
6.100000000000000000e+03
6.156818290607017843e+03
6.073182240541946157e+03
6.186856451450130407e+03
6.255085214801012626e+03
6.141857021365988658e+03
6.137449205634251484e+03
5.994479510782661237e+03
5.794864661775581226e+03
6.100000000000000000e+03
6.030590974859383095e+03
5.915620052579266485e+03
6.060943376618431103e+03
6.010298114054358848e+03
6.005321136392524750e+03
5.954411514296873975e+03
5.899612301473971456e+03
6.100000000000000000e+03
6.120277159545747963e+03
5.962318253192949669e+03
6.016825928892367301e+03
6.174118579237440827e+03
6.162060387914621060e+03
6.157150621956528994e+03
6.186776597012637467e+03
6.069453688681734093e+03
5.934152070655482930e+03
6.001502192674038270e+03
6.097903670155167674e+03
6.090350662651228959e+03
6.053571424558211220e+03
6.058994315825270860e+03
5.958512421732970324e+03
5.886105594349183775e+03
6.100000000000000000e+03
6.068998718678406476e+03
6.246449051958036762e+03
6.226004113387379221e+03
6.277070486543228981e+03
6.379192327678536458e+03
6.100000000000000000e+03
6.095651243176869684e+03
6.085051184200788157e+03
6.082277662356897054e+03
6.161812469052624692e+03
6.081370849623795948e+03
6.188168163487847778e+03
6.191489084777688731e+03
6.028594191078883341e+03
6.200751004569659926e+03
6.080265402501500830e+03
6.189208118328287128e+03
6.283115927426430972e+03
6.152001390903957144e+03
6.195493096309361135e+03
6.439228247501615442e+03
6.100000000000000000e+03
6.171421535944017705e+03
6.208749238138015244e+03
6.157353090825658001e+03
6.263226934100095605e+03
6.288006600447331948e+03
6.247433242210986464e+03
6.094574079423353396e+03
6.001088085772959857e+03
6.180065701040978638e+03
6.219777917649352275e+03
6.164794479284634690e+03
6.337368628276160052e+03
6.100000000000000000e+03
6.106495561415838893e+03
6.169237384945344274e+03
6.178311697736604401e+03
6.146922241941455468e+03
6.126314588340672344e+03
6.180832156406405375e+03
6.315016890913458155e+03
6.100000000000000000e+03
6.238762150942963672e+03
6.313536183911660373e+03
6.100000000000000000e+03
6.080374839080071069e+03
6.097966518170290328e+03
6.126090144253482322e+03
6.235885595106664368e+03
6.082860519443554949e+03
6.037402085441372947e+03
5.958842753521804298e+03
5.873234479001379441e+03
6.100000000000000000e+03
6.100156369649042972e+03
6.185088839675212512e+03
6.135842760662982982e+03
6.133664567187090142e+03
5.987255651807196045e+03
6.092846487274136962e+03
6.076088103391548429e+03
6.014036362185361213e+03
6.167740124591402491e+03
6.227990698992085527e+03
6.338898002176612863e+03
6.100000000000000000e+03
6.265673774396776025e+03
6.222698789213826785e+03
6.252467772343924480e+03
6.304554583433567132e+03
6.100000000000000000e+03
6.159740695426788989e+03
6.137227250879336680e+03
6.220620275555253102e+03
6.396730532571802541e+03
6.100000000000000000e+03
6.222380894000067201e+03
6.278652488888216794e+03
6.474775713200003338e+03
6.100000000000000000e+03
6.178245316695814836e+03
6.284102201183591205e+03
6.431368740553452881e+03
6.100000000000000000e+03
6.130339841214538865e+03
6.195757067524396916e+03
6.220716949327893417e+03
6.356605233000534099e+03
6.100000000000000000e+03
6.153010671240485863e+03
6.201623929344502358e+03
6.177892853304113487e+03
6.177549431508855378e+03
6.342436932661104038e+03
6.100000000000000000e+03
6.142746095046807568e+03
6.027415931630967862e+03
6.118770808807802496e+03
6.078479500850051409e+03
5.965802394851643840e+03
5.906913483756989081e+03
6.071536284955986048e+03
5.961371639006551959e+03
5.959224961943322342e+03
5.982068951240662500e+03
5.860941926927846907e+03
6.100000000000000000e+03
6.142011456161408205e+03
6.148744871939763470e+03
6.377855306400135305e+03
6.100000000000000000e+03
6.251800661606158428e+03
6.261209847225514750e+03
6.390134053182548996e+03
6.100000000000000000e+03
6.131193385801213481e+03
6.182067168376551308e+03
6.155435121900369268e+03
6.177988603368707118e+03
6.236988047766839372e+03
6.313618794572495972e+03
6.100000000000000000e+03
6.009528182469958665e+03
6.043938001405087562e+03
5.960731802503448307e+03
5.973620853039282338e+03
6.019065648460617012e+03
6.141681230410419630e+03
6.316545172622380960e+03
6.100000000000000000e+03
6.119003863147828270e+03
6.134641021451016968e+03
6.106834206522960812e+03
6.105592110246596349e+03
6.079403044953204699e+03
6.191121621541819877e+03
6.136818757061385440e+03
6.180443035046756449e+03
6.285448244285300461e+03
6.481836663224268705e+03
6.100000000000000000e+03
6.093421998049231661e+03
6.145774545474616389e+03
6.062166502308973577e+03
6.063985749422363369e+03
6.023948690141507541e+03
5.917215162690319630e+03
5.976814202653039501e+03
5.946482061588215402e+03
5.856801829646902661e+03
6.100000000000000000e+03
6.386380656418533363e+03
6.100000000000000000e+03
6.022721527695923214e+03
6.016344612387776579e+03
5.978891093291596917e+03
5.964203594846086162e+03
5.927876896352017866e+03
5.826695031198102697e+03
6.100000000000000000e+03
6.099516984476340440e+03
6.348021637358186126e+03
6.100000000000000000e+03
6.122841974423036845e+03
6.137396909185091317e+03
6.097282524508073948e+03
6.027070054699528555e+03
5.944142868836048365e+03
5.937706265342383631e+03
6.030204821000224911e+03
6.249623385101896019e+03
6.173498483284106442e+03
6.065436750142271194e+03
6.028043959490058114e+03
6.046301240115114524e+03
6.079280673130301693e+03
6.011576571730490286e+03
6.028339053421463177e+03
5.956987154490999274e+03
5.722379018491026727e+03
6.100000000000000000e+03
6.106363324683436986e+03
5.953386148844680974e+03
5.980673220408943052e+03
5.874167828079420360e+03
6.100000000000000000e+03
6.165920409633346026e+03
6.030508509702225638e+03
6.198578643163217748e+03
6.349444206197805215e+03
6.100000000000000000e+03
6.119457402443348656e+03
6.101865819555200687e+03
6.130096390275067279e+03
6.162141561230789193e+03
6.231463991756623727e+03
6.280178719583694146e+03
6.458579028165200725e+03
6.100000000000000000e+03
6.116418211666305069e+03
6.213634930212824656e+03
6.197525769632190531e+03
6.155898251941894159e+03
6.154691044592426806e+03
6.051523571573634399e+03
5.948106416546599576e+03
6.022953880902712626e+03
6.055570975842184453e+03
5.846835475338745709e+03
6.100000000000000000e+03
6.108757608935738972e+03
6.177692147443571230e+03
6.183716150759254560e+03
6.234592181442148103e+03
6.171923139291965526e+03
5.981646050279214251e+03
5.908350751679148743e+03
5.861597011743533585e+03
6.100000000000000000e+03
6.102586052118089356e+03
6.081149713629846701e+03
6.096793002480581890e+03
6.075830213673274557e+03
6.097971421422648746e+03
5.975500719069814295e+03
6.121232941379231306e+03
5.923875706726947101e+03
5.970217708510730517e+03
5.784041350646582032e+03
6.100000000000000000e+03
6.017332509244905850e+03
5.777511052797625780e+03
6.100000000000000000e+03
6.107582898448303240e+03
6.017622829271179398e+03
6.096409420149676407e+03
5.926644350763630428e+03
5.876094430215127431e+03
6.100000000000000000e+03
6.129106135807679493e+03
6.304933515619528407e+03
6.100000000000000000e+03
6.152584902152202631e+03
6.226662995992727701e+03
6.327103426932718321e+03
6.100000000000000000e+03
5.981110073990914316e+03
5.930299666889435684e+03
5.940251329852034360e+03
6.197278213933966072e+03
6.175758355234042028e+03
6.096181525586766838e+03
6.209926430909798910e+03
6.212667654459170080e+03
6.260598017180166607e+03
6.273672861059601018e+03
6.444585360991541165e+03
6.100000000000000000e+03
6.078062677908184014e+03
6.058262873014627985e+03
5.992268485870432414e+03
6.149603100965488920e+03
6.112843213825745806e+03
6.106702680680145932e+03
6.109668253037481918e+03
6.217895550165771056e+03
6.219253852776770145e+03
6.345960606738806746e+03
6.100000000000000000e+03
6.127510447704176840e+03
6.261361745912540755e+03
6.287556853202020648e+03
6.302263260289254504e+03
6.100000000000000000e+03
6.198467745685054979e+03
6.255366952141705042e+03
6.463362461396821345e+03
6.100000000000000000e+03
5.980776073028589963e+03
6.080795607687633492e+03
6.236443748796311411e+03
6.233974842912063650e+03
6.104308930497276378e+03
6.134822239567017277e+03
6.027714911217663939e+03
6.078611989401149913e+03
5.980688455157048338e+03
6.034523056161323439e+03
6.257116983844410242e+03
6.290279479437201189e+03
6.127168256194712740e+03
6.102989024919218537e+03
6.117961474056113730e+03
6.002288484325780701e+03
5.862711724827300714e+03
6.100000000000000000e+03
6.142294537651059727e+03
6.363915086062144837e+03
6.100000000000000000e+03
6.057449787398956687e+03
6.050618606699656993e+03
6.127344180746996244e+03
6.002993453769096959e+03
5.845534990137317436e+03
6.100000000000000000e+03
6.030854570404497281e+03
6.179934118434419361e+03
6.284258097828188511e+03
6.165856875640588441e+03
6.192736778290975963e+03
6.096581518417001462e+03
6.132759916671254359e+03
6.282705023889321637e+03
6.366141979696418275e+03
6.100000000000000000e+03
6.184674518451976837e+03
6.239661058815754586e+03
6.074999130852864255e+03
6.162188323473656055e+03
6.078340214171227672e+03
5.999790269512564919e+03
6.010541378795789569e+03
6.053278342724118374e+03
6.070943176427379512e+03
6.052067966214493026e+03
6.206214241587144897e+03
6.222088493669238233e+03
6.208391421476526375e+03
6.205949541203281115e+03
6.234554415586122559e+03
6.311562232896862042e+03
6.100000000000000000e+03
6.045604787214294447e+03
5.991518402053708996e+03
6.121995171026814205e+03
6.033759121074125687e+03
6.217517078235203371e+03
6.147603614611137345e+03
6.123644122797354612e+03
5.931076318381217789e+03
6.056308586129540345e+03
6.267582277692278694e+03
6.277758804910783510e+03
6.259298429454400321e+03
6.335878166485410475e+03
6.100000000000000000e+03
6.154123340804363579e+03
6.273509040408770488e+03
6.124185730732827324e+03
6.257882683830988753e+03
6.258434579678633781e+03
6.058109579312633286e+03
5.973242003723709786e+03
6.040858472061767316e+03
5.974831741968991082e+03
5.903563952419488487e+03
5.768320340275983654e+03
6.100000000000000000e+03
5.968075887161873652e+03
5.890780625636417426e+03
6.100000000000000000e+03
5.995170350787039752e+03
6.033947896962103187e+03
6.218103168016627023e+03
5.975366083519726089e+03
6.026261066325709180e+03
6.012994112946544192e+03
6.011738714975254879e+03
6.084099783921752532e+03
6.113487327147447104e+03
5.909958555444429294e+03
5.985750832773547700e+03
5.839451968691149887e+03
6.100000000000000000e+03
5.907416176012400683e+03
5.942888213943599112e+03
5.795206870747041648e+03
6.100000000000000000e+03
5.982761906073757018e+03
5.919559221218208222e+03
5.834368529676772596e+03
6.100000000000000000e+03
6.102882218910011034e+03
5.915725474292566105e+03
6.021326039770835450e+03
6.010560340556213305e+03
6.102904212361318969e+03
6.097461311440159079e+03
6.156302976826360464e+03
6.350818349459487763e+03
6.100000000000000000e+03
6.032276783385462295e+03
5.997873171600229398e+03
5.999193712507742021e+03
6.031048779074036247e+03
6.069933216338763486e+03
6.000461857615907320e+03
5.997782752027766037e+03
6.127039009007293316e+03
5.978603051512972343e+03
5.978377205889324614e+03
5.844683651737443142e+03
6.100000000000000000e+03
6.217209833315463584e+03
6.127338908158742925e+03
6.185346270076779547e+03
6.241658549697625858e+03
6.286624227206109936e+03
6.359401651891603251e+03
6.100000000000000000e+03
6.118559474001342096e+03
6.090568112403944724e+03
6.161804029341952628e+03
6.244052758909496333e+03
6.255366933732199868e+03
6.175725343081600840e+03
6.194097447686609485e+03
6.268871405524729198e+03
6.257443285235679468e+03
6.314953537806220083e+03
6.100000000000000000e+03
6.192941719846806336e+03
6.068075834118544662e+03
6.150701042718601457e+03
6.085902250533874394e+03
5.968173938067467134e+03
6.071639894981555699e+03
5.948080217259287565e+03
5.976864076623948677e+03
6.043600198956025451e+03
5.995344892757067100e+03
6.066031737763871206e+03
5.981328399066187558e+03
5.978918635945246024e+03
6.057675033287607221e+03
6.185982866982112682e+03
6.136928427457059115e+03
6.178302305305391201e+03
6.212787415792666252e+03
6.292843146816212538e+03
6.324011816046848253e+03
6.100000000000000000e+03
6.143031907076802781e+03
6.092326331389404913e+03
6.150269127669484988e+03
6.245278832445137596e+03
6.317731935868666369e+03
6.100000000000000000e+03
6.061970984069636870e+03
5.886112020253330229e+03
6.100000000000000000e+03
6.148972777734065858e+03
6.050698196898933020e+03
6.201386068755600718e+03
6.100294976373523241e+03
6.073003062416345529e+03
6.173434886950238251e+03
6.187309332190869100e+03
5.988292535670535472e+03
5.975614844016544339e+03
5.746363905094796792e+03
6.100000000000000000e+03
6.214663111642680633e+03
6.176855810404422300e+03
6.035865882495097139e+03
6.072747412027926657e+03
5.825215018245440660e+03
6.100000000000000000e+03
6.034292864760064731e+03
6.073921041087458434e+03
6.171002511431134735e+03
6.201375998191498184e+03
6.026476988243594860e+03
6.069248804250556532e+03
6.027082210703405508e+03
6.021950467002751793e+03
5.992285391148108829e+03
6.029117892956493051e+03
6.127607417049237483e+03
6.051922207143355081e+03
6.063443378298001335e+03
5.986524126794362928e+03
5.977652685715086591e+03
5.985500719897871022e+03
6.016411531371761157e+03
5.838322793062448000e+03
6.100000000000000000e+03
6.125289867875606433e+03
6.217934495819640688e+03
6.204695140274945516e+03
6.179477223588443849e+03
6.297240242810152267e+03
6.189321946990087781e+03
6.143833248762707626e+03
6.056223823550743873e+03
5.921786151833161057e+03
5.893540542724560510e+03
6.100000000000000000e+03
6.105631413450536456e+03
6.103764126625031167e+03
6.121386559760239834e+03
6.240542491295501350e+03
6.187720422485428571e+03
6.176205228089812408e+03
6.100190172213544429e+03
6.233333559730685010e+03
6.273354585463281182e+03
6.423347752811807368e+03
6.100000000000000000e+03
6.092325337787627177e+03
6.070545836552482797e+03
6.063722502457283554e+03
6.055844748323838758e+03
6.096733600578735604e+03
6.147583296788561711e+03
6.118801545643469581e+03
6.193023188875882624e+03
6.246651151591039707e+03
6.353960886391100757e+03
6.100000000000000000e+03
6.050812077109624624e+03
6.128011001727789335e+03
5.999849125126915169e+03
5.987409636704926015e+03
6.094980980682639711e+03
6.031297039243647305e+03
6.114699096807206843e+03
6.128334754412252551e+03
5.926769172979561517e+03
5.930400202543400155e+03
5.921394080269264123e+03
5.914930408692673154e+03
5.895184967004897771e+03
6.100000000000000000e+03
6.096743935210241034e+03
5.910684019067331974e+03
5.659422189929769047e+03
6.100000000000000000e+03
6.055826541074224224e+03
5.961153971422230825e+03
5.875952933075760484e+03
6.100000000000000000e+03
6.212608664526721441e+03
6.106236626806521599e+03
6.055401927126071314e+03
6.109718808906119193e+03
6.105289548859541355e+03
5.966153831636444011e+03
5.905945366662250308e+03
5.850642108356372773e+03
6.100000000000000000e+03
6.112391603312870757e+03
6.311983720853793784e+03
6.100000000000000000e+03
6.131418893112423575e+03
6.177054325284769220e+03
6.235349170557155048e+03
6.269335980456297875e+03
6.306057351175129952e+03
6.100000000000000000e+03
6.132924965749524745e+03
6.169322112411979106e+03
6.244650031215516719e+03
6.172924177675461578e+03
6.137521024373935688e+03
6.098053800476183824e+03
6.221708601910653670e+03
6.103323407293030868e+03
6.221786899391810039e+03
6.263565442781600723e+03
6.286148757942751217e+03
6.283337951886407609e+03
6.397962125941476188e+03
6.100000000000000000e+03
6.133321864805284349e+03
6.291196092586667874e+03
6.321046889597750123e+03
6.100000000000000000e+03
5.960456388567517934e+03
5.891793055016203652e+03
6.100000000000000000e+03
5.998692619002201354e+03
5.870331842711281752e+03
6.100000000000000000e+03
6.270157796382554807e+03
6.317326650925567264e+03
6.100000000000000000e+03
6.114198231728888459e+03
6.113498191938972013e+03
6.195301709552279135e+03
6.069179980816908937e+03
6.176245245755320866e+03
6.079524836872888955e+03
6.072824485210772764e+03
6.189926781268423838e+03
6.229794531648718475e+03
6.134914972041016881e+03
6.116009724794314934e+03
6.085476564896720447e+03
6.297601308618061921e+03
6.219367652443090265e+03
6.126751341719789707e+03
6.209956965761659376e+03
6.210188145801067549e+03
6.280480725911786976e+03
6.073629897813722891e+03
6.133845404530131418e+03
6.100121453829278835e+03
6.055152433015080533e+03
6.089692338579899115e+03
6.051367171680768479e+03
6.089441625298490180e+03
6.063509213200753038e+03
6.092351484905071629e+03
6.168975050676854153e+03
6.287559891804194194e+03
6.420669710032734656e+03
6.100000000000000000e+03
6.052299053458208618e+03
5.973076632245020846e+03
5.925633631237529698e+03
5.925448313333516126e+03
5.877325629575164385e+03
6.100000000000000000e+03
6.022984625951939961e+03
6.036974613956333087e+03
6.210658641512866780e+03
6.255458837211022910e+03
6.386352359318827439e+03
6.100000000000000000e+03
6.148104645874957896e+03
6.103525587520030967e+03
6.027558363393513901e+03
6.170037917323963484e+03
6.110560884907932632e+03
6.000721385250707499e+03
6.124841615894260030e+03
6.135552455319724686e+03
6.086555705385661895e+03
6.098486691238326785e+03
6.261788213013283894e+03
6.141362284975842158e+03
6.227785505577040567e+03
6.454616202023455116e+03
6.100000000000000000e+03
6.070420888276637925e+03
6.062199259818362407e+03
6.038156337347772023e+03
6.157449701728462060e+03
6.181518333529895244e+03
6.115903167987662528e+03
6.111100408436468570e+03
6.059609488852037430e+03
6.001986943596792116e+03
5.903320063635974293e+03
6.088739348774727659e+03
6.088702288920177125e+03
6.177383814092048851e+03
5.998569025908359436e+03
5.905703418482616144e+03
5.887978936071476710e+03
6.100000000000000000e+03
6.041072537200225270e+03
6.308131935904585589e+03
6.100000000000000000e+03
6.098031419602609276e+03
6.125545640411660315e+03
5.996802686147106215e+03
6.287424670986020828e+03
6.132526009994450760e+03
6.230693279594653177e+03
6.244488802829952874e+03
6.232865209271420099e+03
6.303687053997761723e+03
6.100000000000000000e+03
5.987493205180277982e+03
6.085987575016957635e+03
5.879526768075734253e+03
6.100000000000000000e+03
6.110364853266679347e+03
6.265587733970027330e+03
6.252442350915772295e+03
6.358467328687335794e+03
6.100000000000000000e+03
6.121840450478729508e+03
6.189988812801448148e+03
6.202393592807815367e+03
6.264404308177301573e+03
6.391449069096572202e+03
6.100000000000000000e+03
6.058161672342173006e+03
5.954461367820726082e+03
5.758902428390454588e+03
6.100000000000000000e+03
6.117248591218120964e+03
6.005877622734385113e+03
5.947783151718636873e+03
6.050198655169077938e+03
6.022518294145164873e+03
6.095957499684453978e+03
6.085004752835077852e+03
6.163212845752858811e+03
6.139086501795667573e+03
6.276407756130703092e+03
6.098605800462958541e+03
6.045624637240583979e+03
6.050587651863837891e+03
6.174479598463241018e+03
6.289742820037506135e+03
6.255231391707003240e+03
6.337963725592479022e+03
6.100000000000000000e+03
6.134442980126343173e+03
6.415678365395045148e+03
6.100000000000000000e+03
6.107078707701487474e+03
6.032024998550535202e+03
5.945337081013006355e+03
6.030697423172115123e+03
6.029576403164840485e+03
6.031938600839176615e+03
6.099890626334903573e+03
6.094409621511741534e+03
6.199957084327632401e+03
5.920264220775971808e+03
5.789717987520109091e+03
6.100000000000000000e+03
6.120300742207500662e+03
6.035260004837019551e+03
6.064584964262917310e+03
6.094615393760267580e+03
6.155137174665628663e+03
6.134593779406744034e+03
6.257488266811256835e+03
6.210863821072234714e+03
6.400155061548485719e+03
6.100000000000000000e+03
6.035777998599992316e+03
6.058521835493111212e+03
6.198452583015931850e+03
6.023106508420667524e+03
6.030844207485449260e+03
5.932804192738852180e+03
6.045535447463843411e+03
6.220405618522623627e+03
6.142711678213717278e+03
6.340329080498321673e+03
6.100000000000000000e+03
5.953042477834351303e+03
5.906075318277183214e+03
6.011689345956030593e+03
6.053772309215982204e+03
6.018847953507456623e+03
6.212510155315883821e+03
6.233877724391857555e+03
6.300047479077933531e+03
6.100000000000000000e+03
6.092963115225064939e+03
6.038973897547381057e+03
5.938055147826869870e+03
5.991330426049706148e+03
6.079673298555195288e+03
6.182084754120587604e+03
6.371182287539591016e+03
6.100000000000000000e+03
5.999531840446562455e+03
5.974571256578896282e+03
5.970685805775462541e+03
5.825235140493581639e+03
6.100000000000000000e+03
6.156462920258391932e+03
6.138916057243551222e+03
6.201749393759269879e+03
6.203956465229500282e+03
6.129394786956997450e+03
6.115917224490219269e+03
6.001866047755896943e+03
6.080312002222477531e+03
6.095722295703852978e+03
6.012082882608127875e+03
6.113753342193333083e+03
6.010038319269343447e+03
5.984237416245417990e+03
6.020245424341665057e+03
5.934448326434929186e+03
5.804461115148925273e+03
6.100000000000000000e+03
5.967372108013420984e+03
5.970458048023926494e+03
5.972480188037578046e+03
6.067754873595667050e+03
6.103307577905962717e+03
6.069517847544189863e+03
6.104546737018789827e+03
6.027952957962007531e+03
6.035659072554450177e+03
5.851626915218183058e+03
6.100000000000000000e+03
6.161602694472268922e+03
6.063485596932131557e+03
6.187518368598782217e+03
6.023006269494285334e+03
6.148930101811535678e+03
6.119296330550963830e+03
5.995570540699793128e+03
5.939087559901801797e+03
5.866283826204587058e+03
6.100000000000000000e+03
5.896362013995008965e+03
6.100000000000000000e+03
6.181056912819634817e+03
6.180343924440514456e+03
6.173149686910981472e+03
6.269838297353506277e+03
6.187534065843111421e+03
6.049352903084960417e+03
5.962227456026073924e+03
6.083921781721880507e+03
6.101958751025859783e+03
6.144578437314324219e+03
6.111329031919919544e+03
6.080469954721948852e+03
6.123971370067117277e+03
6.083024717874184716e+03
6.209883013103162739e+03
6.235771144107061446e+03
6.367599860547839853e+03
6.100000000000000000e+03
6.030603183532292860e+03
6.176076289476752208e+03
6.072328812697730427e+03
5.986388626008758365e+03
6.041514174006483699e+03
6.007612509066041639e+03
5.936802990109261373e+03
5.856801480663557413e+03
6.100000000000000000e+03
6.063282204748719778e+03
6.115408600443673095e+03
6.190445037752624557e+03
6.160583095775524271e+03
6.191077044873290106e+03
6.258067660480811355e+03
6.276355633447564287e+03
6.330663054113608268e+03
6.100000000000000000e+03
5.949431362338298641e+03
6.000825520226630942e+03
5.783462440966490249e+03
6.100000000000000000e+03
6.098435481781731141e+03
6.121684734650208156e+03
6.062987851568140286e+03
5.966743464584097637e+03
5.907957205568543941e+03
5.882652485592419907e+03
6.100000000000000000e+03
6.145163121744741147e+03
6.013237871488161545e+03
6.041501508219447715e+03
5.936596755677417605e+03
5.943890158466921093e+03
6.072344885957166298e+03
6.106778475183491537e+03
6.132663214581362809e+03
6.137464867983443582e+03
6.143335477706476922e+03
6.040929749889154664e+03
5.975536205560884810e+03
5.969310548734445547e+03
6.107173659030777344e+03
6.081345055190494350e+03
5.988895348392901724e+03
5.884214878953468542e+03
6.100000000000000000e+03
6.138375713459161489e+03
6.293682664872914756e+03
6.499737589999556803e+03
6.100000000000000000e+03
6.036464247281011922e+03
5.898686618238027222e+03
6.100000000000000000e+03
6.035423414794098790e+03
5.963829332660396176e+03
5.942926535454106670e+03
6.030841118541075957e+03
5.894981670460681926e+03
6.100000000000000000e+03
6.126444031286623613e+03
5.969239231044693952e+03
6.195585722070074553e+03
6.336738616210423970e+03
6.100000000000000000e+03
6.096077088383724004e+03
6.136991169894299674e+03
6.109581420912445537e+03
6.217251007790079711e+03
6.374416036088140572e+03
6.100000000000000000e+03
6.341296770402186667e+03
6.100000000000000000e+03
6.132255564114340814e+03
6.160715276913309026e+03
6.346135606145347992e+03
6.100000000000000000e+03
5.826248595226377802e+03
6.100000000000000000e+03
6.195325109385418727e+03
6.104230387859305665e+03
6.148471110650649280e+03
5.981724260758640412e+03
5.742057164640434166e+03
6.100000000000000000e+03
6.004054458926995721e+03
6.052943175266411345e+03
6.009695773472743895e+03
6.007618583677977767e+03
6.102489376208021895e+03
6.221083268539719029e+03
6.271534090061454663e+03
6.273530211276885893e+03
6.350105322747524951e+03
6.100000000000000000e+03
6.125683981796332773e+03
6.042686923137983285e+03
6.073217779691817668e+03
6.172802393002171812e+03
6.173352628557735443e+03
6.278018165960002989e+03
6.343874700012994253e+03
6.100000000000000000e+03
6.254478529607235942e+03
6.216698536118164157e+03
6.143319356613310447e+03
6.366914418392305379e+03
6.100000000000000000e+03
6.155583274691880433e+03
6.246708337887474954e+03
6.408790806139054439e+03
6.100000000000000000e+03
6.195381574412917871e+03
6.164430528628683533e+03
6.282193692854370056e+03
6.292216972428137524e+03
6.366683578778975971e+03
6.100000000000000000e+03
6.039255498697656549e+03
6.071815328060298270e+03
6.024555612872305574e+03
6.005918317568874954e+03
5.912588355767522444e+03
5.783759417804390068e+03
6.100000000000000000e+03
6.207625287022655357e+03
6.222072932343487082e+03
6.285202756574683008e+03
6.174758939018525780e+03
6.164321506840972688e+03
6.243645326002323600e+03
6.264931922035538264e+03
6.280192136850531824e+03
6.089271836539966898e+03
6.278116687972113141e+03
6.329073893196049539e+03
6.100000000000000000e+03
6.213525793900025747e+03
6.193594689361746532e+03
6.308779782617769342e+03
6.100000000000000000e+03
6.085568144668271998e+03
6.087839904416513491e+03
6.137961156127599679e+03
5.930469015536490588e+03
5.873609173912942424e+03
6.100000000000000000e+03
6.139060351848370374e+03
6.058749809136310432e+03
6.124604456270788432e+03
6.225383699659120794e+03
6.079474116766708903e+03
6.152912189274570665e+03
6.144609751352358217e+03
6.075255667788027495e+03
6.041517534793435516e+03
6.059040334401510336e+03
6.220335587986622158e+03
6.249717894061612242e+03
6.485281316904281084e+03
6.100000000000000000e+03
5.947853027644929170e+03
5.969440107773027194e+03
6.063218663342324362e+03
5.941336378915353635e+03
5.901282506471126908e+03
6.107753042775536414e+03
6.018563175429473631e+03
6.022482092086852390e+03
6.258660486779651364e+03
6.186484894187418831e+03
6.443525517216792650e+03
6.100000000000000000e+03
6.135782734355414505e+03
6.100562144114975126e+03
6.033589224714395641e+03
5.942260042117182820e+03
6.000363181541410086e+03
6.059396851630395759e+03
5.974143511621406105e+03
5.963722076863129587e+03
5.809878175810171342e+03
6.100000000000000000e+03
6.184992081292015428e+03
6.345154817783779436e+03
6.100000000000000000e+03
5.983748457835286899e+03
6.250878929867382794e+03
6.084910898660223211e+03
6.061813847420452475e+03
6.192697839750550884e+03
6.084242096890874564e+03
6.096468033760103026e+03
5.791335392701465935e+03
6.100000000000000000e+03
6.218348847150301481e+03
6.195409080883396200e+03
6.295275872390483528e+03
6.338797695272159217e+03
6.100000000000000000e+03
5.935886514391830133e+03
6.085592633521841890e+03
6.082848914247304492e+03
6.156088221085093210e+03
6.296779784623228807e+03
6.250154560243066044e+03
6.151307977658064374e+03
6.055929018611258471e+03
5.976695124990731529e+03
5.925640775592425598e+03
5.841744305881770742e+03
6.100000000000000000e+03
6.048871739186767627e+03
6.222063748797027074e+03
6.246111965844714177e+03
6.214864640797011816e+03
6.240676942736085948e+03
6.264623897258288707e+03
6.374584847205862388e+03
6.100000000000000000e+03
6.004841625290776392e+03
6.250782253976884022e+03
6.215036904685467562e+03
6.174195199898647843e+03
6.060633199424510167e+03
6.144916455543533630e+03
5.884379828643393012e+03
6.100000000000000000e+03
5.866708529517300121e+03
6.100000000000000000e+03
6.078998027514188834e+03
6.032141548852652704e+03
6.015773418748783115e+03
5.946448349390328985e+03
5.815693186202281140e+03
6.100000000000000000e+03
6.174455953504087120e+03
6.263212540190573236e+03
6.309948290740296216e+03
6.100000000000000000e+03
6.095152434909541626e+03
6.210940249730147116e+03
6.177132955662045788e+03
6.127307235988361754e+03
6.138675387210296321e+03
6.033485421563563250e+03
5.923947905158932372e+03
6.009744086148974020e+03
6.027147050900302020e+03
6.028669085594305216e+03
6.054411393960893292e+03
6.113839917890336437e+03
6.139165499571103283e+03
6.234167814039156838e+03
6.262153089626134715e+03
6.272758773087458394e+03
6.460070572733207882e+03
6.100000000000000000e+03
6.013010489212437278e+03
5.978252737513198554e+03
5.851118417256279827e+03
6.100000000000000000e+03
6.146325306203564651e+03
5.984552792252948166e+03
5.856321917588008546e+03
6.100000000000000000e+03
6.052302898939118677e+03
5.783185725318386176e+03
6.100000000000000000e+03
6.190596851438241174e+03
6.167068478068775221e+03
5.974385627025768372e+03
6.083132841825202377e+03
6.105371003638588263e+03
6.111439341016418439e+03
6.164630348986310310e+03
6.084297689954258203e+03
6.189766586720242231e+03
6.264089822052937961e+03
6.409338020739200147e+03
6.100000000000000000e+03
6.116059213428198746e+03
6.007161363452147270e+03
6.128153061554739907e+03
6.197030068825748458e+03
6.255187258466125058e+03
6.261016875547707969e+03
6.230819237297052496e+03
6.186537080740687998e+03
6.163891012495523682e+03
6.322406962607489731e+03
6.100000000000000000e+03
6.055501279833606532e+03
6.107542821414590435e+03
6.219087932268294935e+03
6.232838428978412594e+03
6.009115729024960274e+03
5.878805377522709023e+03
6.100000000000000000e+03
6.180642846995248874e+03
6.201268909532482212e+03
6.346940086717729173e+03
6.100000000000000000e+03
6.006629636705445591e+03
5.966754208158753499e+03
5.913149298339791130e+03
5.872901138369201362e+03
6.100000000000000000e+03
5.938137940983378940e+03
6.076395893775526019e+03
6.208038969535451542e+03
6.143938915392306626e+03
6.321317152682197957e+03
6.100000000000000000e+03
6.299527431417366643e+03
6.215631144841014248e+03
6.368582774905489714e+03
6.100000000000000000e+03
6.217614598405778452e+03
6.302892485965339802e+03
6.100000000000000000e+03
5.938461392145815807e+03
5.869226814062310950e+03
6.100000000000000000e+03
6.317415253665193632e+03
6.100000000000000000e+03
6.038515745591408631e+03
5.958812412982008937e+03
6.029647493009984828e+03
5.997525070298918763e+03
6.100983847442099432e+03
6.327613579734533232e+03
6.100000000000000000e+03
6.117146999757893354e+03
6.240081221165099123e+03
6.353981443726045654e+03
6.100000000000000000e+03
6.175417157232001045e+03
6.282159896876057246e+03
6.259566406906264092e+03
6.193898181578278127e+03
6.164849866289162492e+03
6.053504983637087207e+03
6.039297443947612010e+03
6.117364635677809019e+03
6.160713032148369166e+03
6.335501444470307433e+03
6.100000000000000000e+03
6.315758165386127985e+03
6.100000000000000000e+03
6.054498016598340655e+03
6.012600866751225112e+03
5.948952707652128993e+03
5.969916057571108468e+03
6.014858262428806484e+03
5.888970008807747945e+03
6.100000000000000000e+03
6.083599869332785602e+03
6.189451471979755297e+03
6.144006058633513931e+03
6.079874282578864950e+03
6.066746759274981741e+03
6.001444453869409699e+03
6.003345766604886194e+03
6.070670385546810394e+03
5.832176033775863289e+03
6.100000000000000000e+03
6.159037520147554460e+03
6.277240563383409608e+03
6.018268854674828617e+03
5.786037808632700944e+03
6.100000000000000000e+03
6.233600385440837272e+03
6.181837422025664637e+03
6.360163349538231159e+03
6.100000000000000000e+03
5.909676289011805238e+03
5.867568337356257871e+03
6.100000000000000000e+03
6.114006923833772817e+03
6.156385287203650478e+03
6.049852873337613346e+03
6.120310201368785783e+03
6.346588369028320813e+03
6.100000000000000000e+03
6.224207738955024979e+03
6.509482922512831465e+03
6.100000000000000000e+03
6.100597682248014280e+03
6.138090911197986316e+03
6.000315771195349043e+03
6.085650791551705879e+03
6.154308476547918872e+03
6.122839592247192741e+03
6.051326775671829637e+03
5.912169783743882363e+03
5.986519194725170564e+03
6.075566346855875963e+03
6.144370522692972372e+03
6.171116362616164224e+03
6.292397964673404203e+03
6.313728411989888627e+03
6.100000000000000000e+03
6.115788520750626049e+03
6.116860096886636711e+03
5.948926827278047313e+03
6.014970165417666067e+03
6.056973145843381644e+03
5.956252889758403398e+03
5.958008879628782779e+03
5.939549368665251677e+03
5.935872661540833178e+03
6.017122345392293937e+03
6.080528827934780566e+03
5.902294206844581822e+03
5.790384472030639699e+03
6.100000000000000000e+03
6.074982811449646761e+03
6.076378379338903869e+03
6.122005979871713862e+03
6.098334795031550129e+03
6.052410767670822679e+03
5.943073784419127151e+03
5.806998553575180267e+03
6.100000000000000000e+03
5.991323645733660669e+03
5.914982038640389874e+03
5.929879910320832096e+03
5.911859716617566846e+03
5.979266806843361337e+03
5.957330179782215055e+03
5.888209467212225718e+03
6.100000000000000000e+03
6.161083085823740475e+03
6.178290318564018889e+03
6.211623164443199130e+03
6.249846732015766065e+03
6.175026917396281533e+03
6.084619181611004933e+03
5.983753335366822284e+03
5.922258903015481337e+03
5.846423309574656741e+03
6.100000000000000000e+03
6.102808367311771690e+03
6.248805837753017840e+03
6.292015030751428640e+03
6.205125375606951820e+03
6.258515922610805319e+03
6.319638333962390789e+03
6.100000000000000000e+03
6.081283340008979394e+03
6.172108618967389702e+03
6.188310717214921169e+03
6.138011055336469326e+03
6.205625542000982023e+03
6.046888515662068130e+03
5.906998106280268985e+03
6.093059629841795868e+03
6.093899056364468379e+03
6.099655636120459349e+03
6.043185080850417762e+03
5.970082602753749597e+03
6.005423563116247351e+03
6.062841729257893348e+03
5.887325930183428682e+03
6.100000000000000000e+03
5.958824918337593772e+03
5.939820331066595827e+03
5.929465173678632709e+03
6.054903803307557610e+03
6.053221818820049521e+03
6.088634703897971121e+03
6.051722418963405289e+03
6.258768188877475040e+03
6.445211718169988671e+03
6.100000000000000000e+03
6.177826784244989540e+03
6.279289979168594982e+03
6.323061616950541065e+03
6.100000000000000000e+03
5.984707470154601651e+03
6.040176021505654717e+03
6.170856510453663759e+03
6.044684027031859841e+03
5.996993646656486817e+03
6.156618539907580271e+03
6.197247165063782631e+03
6.019618960866753696e+03
6.117620073722810048e+03
6.261652025359828258e+03
6.424202165729774606e+03
6.100000000000000000e+03
6.307054783015452813e+03
6.100000000000000000e+03
5.935860125723169403e+03
5.833127943647284155e+03
6.100000000000000000e+03
6.030698784385586805e+03
6.006022907812433914e+03
6.099361037357694840e+03
6.019536731592547767e+03
5.992119178720868149e+03
5.991184632349051753e+03
5.953705688982041465e+03
5.914587251462840868e+03
6.001439375654357718e+03
5.906262553305870824e+03
5.964524632851842398e+03
5.926259017266065712e+03
6.054190523390144335e+03
6.117543608031603981e+03
6.093419781427499402e+03
5.916374601957913910e+03
5.938436972176077688e+03
5.974199449080612794e+03
6.028567263077003190e+03
5.867635256736727570e+03
6.100000000000000000e+03
6.139777131874190673e+03
6.110450906569877588e+03
6.086553590985965457e+03
5.857634669256137386e+03
6.100000000000000000e+03
6.133409797306668224e+03
5.968072696611601714e+03
5.837059324740100237e+03
6.100000000000000000e+03
6.121426548558427385e+03
6.035725368338245971e+03
5.992810935516234167e+03
6.066709890456500034e+03
6.088698632884388644e+03
6.012082121810021818e+03
6.064842311036515639e+03
6.024073042544371674e+03
6.116944830346457820e+03
6.175102453816753041e+03
6.255621375417948002e+03
6.338595055835404310e+03
6.100000000000000000e+03
6.087065971427533441e+03
6.105100265478006804e+03
5.950210226564015102e+03
5.966221568248985932e+03
6.100804321005808561e+03
5.962705934233596963e+03
5.838051288763315824e+03
6.100000000000000000e+03
6.056587356518794877e+03
6.095786023928919349e+03
6.220940260153381132e+03
5.987981102823790934e+03
5.942355971835274431e+03
5.969658031461324754e+03
5.800749478887921214e+03
6.100000000000000000e+03
5.990526170902738158e+03
5.928948614194200673e+03
5.899833709108016592e+03
6.100000000000000000e+03
6.162060049335643271e+03
6.164388422702120806e+03
6.139142118445879532e+03
6.183617265584132838e+03
6.094626319978511674e+03
6.093102282092359019e+03
5.970373934836557055e+03
5.888831742758135988e+03
6.100000000000000000e+03
6.034418382653824665e+03
6.048036897271803355e+03
6.161730358131520006e+03
6.256498930905187080e+03
6.260132343010361183e+03
6.413544041571800335e+03
6.100000000000000000e+03
6.242863593044769914e+03
6.255700150827412472e+03
6.225323107625469675e+03
6.095344163365655731e+03
6.144944305621769672e+03
6.065382039472165161e+03
6.176084978788439003e+03
6.192336729134010056e+03
6.123208476062127374e+03
6.021912026754407634e+03
6.019483069140947009e+03
5.986424958642995989e+03
5.986623478940608038e+03
6.008256410680963199e+03
5.896799558947028345e+03
6.100000000000000000e+03
6.058828474877776898e+03
5.982101090359024056e+03
5.710593983715575632e+03
6.100000000000000000e+03
6.069220771186178354e+03
6.179831941443280812e+03
6.085954611197666964e+03
6.076308932392776114e+03
5.973360489130685892e+03
6.051609556388835699e+03
5.910350525114270567e+03
6.073288208486083931e+03
6.025747941541681030e+03
5.825436752690496178e+03
6.100000000000000000e+03
6.081635432256724016e+03
6.087384293881754274e+03
6.046447161480428804e+03
5.885663648609841403e+03
6.100000000000000000e+03
6.196887391176422170e+03
6.113465624517743890e+03
6.126046730878952985e+03
6.037708766150007250e+03
6.019973927406163057e+03
6.110097338278295865e+03
6.133873660970164565e+03
6.310729979630167691e+03
6.100000000000000000e+03
6.160558364196497678e+03
6.162511815146309345e+03
6.121188258396707170e+03
6.146874202999696536e+03
6.126690181454566300e+03
5.965486745479058300e+03
6.028585529699741528e+03
6.092439228817245748e+03
5.968037095359358318e+03
6.010905726014215361e+03
6.118708561843761345e+03
6.184108738213653851e+03
6.150415749645881988e+03
6.121223308808813272e+03
6.064340224545770070e+03
6.122085844774626821e+03
6.153637776381810909e+03
6.059326798291111118e+03
6.004883296405999317e+03
6.111814217625436868e+03
6.076346787007918465e+03
5.974764716076264449e+03
6.045194028415255161e+03
6.184064376329512925e+03
6.181986199625426707e+03
6.224007899126831944e+03
6.193953797463730552e+03
6.289013056609706837e+03
6.228802510335794068e+03
6.216311342244947809e+03
6.391123324400601632e+03
6.100000000000000000e+03
6.045613210638352029e+03
5.943304558196955441e+03
6.044681053433778288e+03
6.150569250784586075e+03
6.023974582610281686e+03
5.978899253844639134e+03
6.052128177057578796e+03
6.032150033897416506e+03
6.100866455237951413e+03
6.145305167589481243e+03
6.050463957500238394e+03
6.024287744785436189e+03
6.126024151699002687e+03
5.968604453607331379e+03
5.924582133152236565e+03
5.879856796742674305e+03
6.100000000000000000e+03
6.028504519626123511e+03
5.973611357980455978e+03
5.897072307843764065e+03
6.100000000000000000e+03
6.128603155099895048e+03
6.158063412413982405e+03
6.083652872305261553e+03
6.084978334703878318e+03
6.078315050873426117e+03
5.990062417036419902e+03
6.183236874312799955e+03
6.145199097024925322e+03
6.223344564442976662e+03
6.257907303739325471e+03
6.264948361922685763e+03
6.432406062129462953e+03
6.100000000000000000e+03
6.284244372882249991e+03
6.092730547931092588e+03
5.876904216643713880e+03
6.100000000000000000e+03
6.143094672860749597e+03
6.100805483236989858e+03
6.117611940014117863e+03
6.082797303895754339e+03
6.135951506062667249e+03
6.165032099469855893e+03
6.347801217534370153e+03
6.100000000000000000e+03
5.965736252620584310e+03
6.043602235233161082e+03
6.075944479675909861e+03
5.972544373025832101e+03
5.912274886699137824e+03
5.912729436464264836e+03
5.897191709073060338e+03
6.100000000000000000e+03
6.134632846551833609e+03
6.014825566557438833e+03
5.947104641403420828e+03
5.974021962383999380e+03
5.941411053188155165e+03
6.122302451472184657e+03
6.069319746172079249e+03
6.208964966924412693e+03
6.164599065783912010e+03
6.165940231046540248e+03
6.053180179709774166e+03
6.043082931569035281e+03
6.232330408735385390e+03
6.294205458190343961e+03
6.228713991853467633e+03
6.169590000835703904e+03
6.085529939579444545e+03
6.150822608121453413e+03
6.134635293028252818e+03
6.365808670730538324e+03
6.100000000000000000e+03
6.007689777146552842e+03
6.012189721084741905e+03
5.909195368436936405e+03
5.970419515039206090e+03
5.938706655266162670e+03
5.838557088731015028e+03
6.100000000000000000e+03
6.200325721213308498e+03
6.125992069104497205e+03
6.097285501877976458e+03
5.920716071426458257e+03
5.912624091247741489e+03
6.006819430065958841e+03
5.935767540642645145e+03
5.956180408239146345e+03
5.862410483386827764e+03
6.100000000000000000e+03
6.224913380501247048e+03
6.352216616565630829e+03
6.100000000000000000e+03
6.106727158203195359e+03
6.013030568105315979e+03
5.939222598824895613e+03
6.008274384500537963e+03
5.929187210324334956e+03
5.783589027747448199e+03
6.100000000000000000e+03
6.286659404704485496e+03
6.377710608166191378e+03
6.100000000000000000e+03
6.020933586565758560e+03
6.181366163074497308e+03
6.114697926997236209e+03
6.043023046521251672e+03
5.971869053146411716e+03
5.966180469287857704e+03
5.814464508488325009e+03
6.100000000000000000e+03
6.026019189727811863e+03
6.171708375785670796e+03
6.065123233040966625e+03
5.966473898883392394e+03
6.002168104993137604e+03
6.041809460241548550e+03
6.050599519485430392e+03
5.986187858259270797e+03
5.927153547920835081e+03
5.834309796999420541e+03
6.100000000000000000e+03
6.165360229700705531e+03
6.118852765728788654e+03
6.116741524264955842e+03
6.184310336493998875e+03
6.317726174509652992e+03
6.100000000000000000e+03
6.252412624076139764e+03
6.237237160614322420e+03
6.201795600488072523e+03
6.142426398696175966e+03
6.107441780012506570e+03
5.943945467100954374e+03
5.789944004121239232e+03
6.100000000000000000e+03
6.096062307437406162e+03
6.306646447918773447e+03
6.100000000000000000e+03
6.182282025425157372e+03
6.031699684138896373e+03
6.052643740410808277e+03
5.982702375584563924e+03
6.143493465155576814e+03
6.179987209817706571e+03
6.053886267037439211e+03
6.111122207108398470e+03
6.089823371636046431e+03
6.126513993878245856e+03
6.255156754157909745e+03
6.236668760679128354e+03
6.177326903945627237e+03
6.371205003017184936e+03
6.100000000000000000e+03
6.038097175530944696e+03
6.058645849926217124e+03
6.234165221816771009e+03
6.250299392128339605e+03
6.214752128393333805e+03
6.080016230319803981e+03
6.055861724546298319e+03
6.166066374740208630e+03
6.146513801380094264e+03
6.193010682587964766e+03
6.173856330606271513e+03
6.303664996031673581e+03
6.100000000000000000e+03
6.111225818843634443e+03
5.853391811552356558e+03
6.100000000000000000e+03
5.986657050207005341e+03
6.010689022304971331e+03
5.980885837008672752e+03
5.885354170989590784e+03
6.100000000000000000e+03
6.031496068260405082e+03
6.252466865984967626e+03
6.132501281476836994e+03
6.190308889110282507e+03
6.220854432621167689e+03
6.153934615927579216e+03
6.141698952245166765e+03
6.113885180573612161e+03
6.182398357923159892e+03
6.071515450233499905e+03
6.256634775801095202e+03
6.222504763484965224e+03
6.279449939704931239e+03
6.287687072041281681e+03
6.259948542059909414e+03
6.493237609844618419e+03
6.100000000000000000e+03
5.902301798269309984e+03
5.912481085231530415e+03
5.750864021888539355e+03
6.100000000000000000e+03
6.114789308002617872e+03
6.003268382620849479e+03
6.027665915657924415e+03
6.038961805350158102e+03
6.042556861328646846e+03
6.033272069136823120e+03
5.902246414098660352e+03
5.870743452399085072e+03
6.100000000000000000e+03
6.227107994831447286e+03
6.136481182457112482e+03
6.405514725631570400e+03
6.100000000000000000e+03
6.215913170469408215e+03
6.118379139995021433e+03
6.085752484698366061e+03
6.040932181484292414e+03
6.004907573804176536e+03
6.048393230075272186e+03
5.968866729780420428e+03
6.002343547786650561e+03
5.986425956064620550e+03
5.842880565136032601e+03
6.100000000000000000e+03
5.923766569081680245e+03
5.963829756951593481e+03
6.021802690987048663e+03
6.069810565402589418e+03
6.220808769402780854e+03
6.386224553300993648e+03
6.100000000000000000e+03
6.035767322418001640e+03
6.003935043494851925e+03
6.105118878372910331e+03
6.150407137926472387e+03
6.216909752614975332e+03
6.482292616597408596e+03
6.100000000000000000e+03
5.974034952410977894e+03
6.089335759233175850e+03
6.154933372669642267e+03
6.180664726996084028e+03
5.949537395304283564e+03
5.829005664439656357e+03
6.100000000000000000e+03
5.885012375771950246e+03
6.100000000000000000e+03
5.941859151227538860e+03
5.951768385593471976e+03
5.775698887545192520e+03
6.100000000000000000e+03
6.134152909619519960e+03
6.087288160657313711e+03
6.040484964140281591e+03
5.904071916284132385e+03
5.847293887673812605e+03
6.100000000000000000e+03
6.039863682895929742e+03
5.986264521232781590e+03
6.124620262192496739e+03
6.041718542717576383e+03
6.052727603882949552e+03
6.107545633872036888e+03
5.986394968413571405e+03
5.901065546601569622e+03
5.907388306932831256e+03
6.025775156610809063e+03
5.913229774706032003e+03
6.032797209162989020e+03
6.036186788207843165e+03
5.884468741101330124e+03
6.100000000000000000e+03
6.070515363650210020e+03
6.325972940441806713e+03
6.100000000000000000e+03
5.977843424672371839e+03
6.172800269708837732e+03
6.213505339137530427e+03
6.232136546630516023e+03
6.450098151673488246e+03
6.100000000000000000e+03
6.100973746445080906e+03
6.021472735475043919e+03
5.916166675775347358e+03
5.823285196801452003e+03
6.100000000000000000e+03
6.107958140713655666e+03
6.160284405056343530e+03
6.189971000843638649e+03
6.309591592317216055e+03
6.100000000000000000e+03
6.111765755867480038e+03
6.313680949263270122e+03
6.100000000000000000e+03
6.094825962984662510e+03
6.092819308884792918e+03
6.165177677376213978e+03
6.379510150864236493e+03
6.100000000000000000e+03
6.125158191342714417e+03
6.024965161737512972e+03
5.922165730033967520e+03
5.887663268362604867e+03
6.100000000000000000e+03
6.033548620359143570e+03
5.946487587549509044e+03
6.056962243063452661e+03
5.928842075874301372e+03
5.894685972683343607e+03
6.100000000000000000e+03
6.331844988023754013e+03
6.100000000000000000e+03
5.982700325284566134e+03
5.981991036792318482e+03
5.913919074421598452e+03
5.917948452323688798e+03
6.046034752828352794e+03
6.134006223732034414e+03
6.198707944132999728e+03
6.081371333423002397e+03
6.150419754959963029e+03
5.962826432882552581e+03
6.046192447210904902e+03
6.077041795924583312e+03
6.059264230606349884e+03
6.027000687868249770e+03
5.933683902832285639e+03
5.795790019917199970e+03
6.100000000000000000e+03
6.077300601216461473e+03
5.938352589494289532e+03
5.869563193304561537e+03
6.100000000000000000e+03
6.024511780722464209e+03
6.118054271099274956e+03
6.060345023897313695e+03
6.079433726861096147e+03
6.071552584072674108e+03
6.004817857013425964e+03
6.032324589036653379e+03
6.016457324790513667e+03
6.093927827923736004e+03
6.119521456747590491e+03
6.202036459656581428e+03
6.116750805041629974e+03
6.047844259360487740e+03
6.141040185453342019e+03
6.087312286451821819e+03
5.909507635968924660e+03
5.806295194412064120e+03
6.100000000000000000e+03
6.206555540943249071e+03
6.209930913774011970e+03
6.179610431471613992e+03
6.088362093233977248e+03
6.024303223889038236e+03
6.001759051781984454e+03
5.815599236851026944e+03
6.100000000000000000e+03
6.041018777090932417e+03
6.002783845436310003e+03
5.856400610450327804e+03
6.100000000000000000e+03
6.116689584400692183e+03
6.107001193457876070e+03
6.170689720012901489e+03
6.124767203188428539e+03
6.262101507412379760e+03
6.300062829091478307e+03
6.100000000000000000e+03
6.087115325531790404e+03
6.152368531465824162e+03
6.123367497027198624e+03
6.325621151805582485e+03
6.100000000000000000e+03
5.962665446875444104e+03
5.965112194555240421e+03
5.823930947477872905e+03
6.100000000000000000e+03
6.124109056924021388e+03
6.065446388558709259e+03
6.169039966880501197e+03
6.049000763576626014e+03
5.944674235912217227e+03
5.978382493745015381e+03
6.001330322107844950e+03
5.965181394553445898e+03
5.938800398704422150e+03
6.008354942931173355e+03
6.023165225616857242e+03
6.092219061192848130e+03
6.075188686211593449e+03
6.054413371690006898e+03
5.990105636205021256e+03
6.222558917185520841e+03
6.159609328461313453e+03
6.097956672403529410e+03
5.910241773351355732e+03
6.054648880321028628e+03
6.035360188121334431e+03
5.956852423285801706e+03
6.039707822218752881e+03
5.999879048687511386e+03
5.927315821782634885e+03
5.757330807563580493e+03
6.100000000000000000e+03
6.194777900793002118e+03
6.084301368832196204e+03
6.359151852893904106e+03
6.100000000000000000e+03
5.969765037831230075e+03
5.965595836058998430e+03
5.863260218087700196e+03
6.100000000000000000e+03
6.100670008003186013e+03
6.189668959714694211e+03
6.191874372458415564e+03
6.050031218776478454e+03
6.191957064886802982e+03
6.315898208982657707e+03
6.100000000000000000e+03
6.134233341011065022e+03
6.133070711288446546e+03
6.235218461755479439e+03
6.219329324677592012e+03
6.319916138776604384e+03
6.100000000000000000e+03
6.269066866920604298e+03
6.318763861302564692e+03
6.100000000000000000e+03
6.212039479223900344e+03
6.141577724928218231e+03
6.070759037274878210e+03
5.994630574704156061e+03
5.838107240726068085e+03
6.100000000000000000e+03
6.123549569668025470e+03
6.271473177023046446e+03
6.149209630389605991e+03
6.046109128350207357e+03
6.190765709575419351e+03
6.260353781039325440e+03
6.253953560302234109e+03
6.221448558285430408e+03
6.416975405474078798e+03
6.100000000000000000e+03
6.212912468434197763e+03
6.326205732370826809e+03
6.100000000000000000e+03
6.285569689952922090e+03
6.169521805730618325e+03
5.972658272109959398e+03
5.947367746142562282e+03
5.777726538499209710e+03
6.100000000000000000e+03
6.105766168938978808e+03
6.048050690474144176e+03
5.980890046538244860e+03
6.126138180151043343e+03
6.072254273956194993e+03
6.168597049045742096e+03
6.171433481163349825e+03
6.139543779053899016e+03
6.361975710235527913e+03
6.100000000000000000e+03
5.907568225701105803e+03
5.855024147882078069e+03
6.100000000000000000e+03
6.049049698194152370e+03
6.097049549798249245e+03
6.065340431202703257e+03
6.053618116971239033e+03
6.212240512768846202e+03
6.242098488305141473e+03
6.370330164769810835e+03
6.100000000000000000e+03
5.980193881065832102e+03
5.883378183463029927e+03
6.100000000000000000e+03
6.204609725633100425e+03
5.981745842486882793e+03
6.019997854963758073e+03
6.101388023056395468e+03
6.145999401783511530e+03
6.059485611647875885e+03
5.920653980262586629e+03
5.837705636137971851e+03
6.100000000000000000e+03
6.119918586950289864e+03
6.144001671971571341e+03
6.093140706908026914e+03
6.148281713530114757e+03
6.133585862064316643e+03
6.156376981412074201e+03
6.185264571328391867e+03
6.240338244395318725e+03
6.210714790928961520e+03
6.186276239398823236e+03
6.237755820910323564e+03
6.227214296703276887e+03
6.288716887405501438e+03
6.313465173139957187e+03
6.100000000000000000e+03
6.055721600047760148e+03
6.157727097598788532e+03
6.095071279714508819e+03
6.111767135054969913e+03
6.044628721037259311e+03
5.840391124226105603e+03
6.100000000000000000e+03
5.939565361049794774e+03
6.031807309427892505e+03
5.910998599220749384e+03
5.901858675979227883e+03
5.929582323508202535e+03
6.083864518712221070e+03
6.093707753673975276e+03
6.303906765383093443e+03
6.100000000000000000e+03
6.269796788920047220e+03
6.263935192758709491e+03
6.342311593236285262e+03
6.100000000000000000e+03
5.986272110770981271e+03
6.033845475663605612e+03
6.082081555235299675e+03
6.014504131101799430e+03
6.081850954636027382e+03
6.010032033197487181e+03
6.176713407596579600e+03
6.109142550890463099e+03
6.052600210746541961e+03
6.040918620698153973e+03
6.130059589950506052e+03
6.179347895092056206e+03
6.243626812142265408e+03
6.338159942458572914e+03
6.100000000000000000e+03
6.257889113013913629e+03
6.313676698134161597e+03
6.100000000000000000e+03
6.223125023346379749e+03
6.131613055445534883e+03
6.202508289184483147e+03
5.999013629023302201e+03
6.026196803981240919e+03
6.043549101081464869e+03
6.041693873118598276e+03
6.074005757010693742e+03
6.061705203451107081e+03
6.136620048811562810e+03
6.157217760274804277e+03
5.933073252995778603e+03
5.799515692942020905e+03
6.100000000000000000e+03
6.248507276496608938e+03
6.275346288843613365e+03
6.268912549724804194e+03
6.206586243436187033e+03
6.198401507686893638e+03
6.212818165745870829e+03
6.311848681716441206e+03
6.100000000000000000e+03
6.075479082225906495e+03
6.144714908489861045e+03
6.210412399932156404e+03
6.173240757028352164e+03
6.153635865555701457e+03
6.108951989286229946e+03
6.174312317324199284e+03
5.991142014416429447e+03
5.896593880782008455e+03
6.100000000000000000e+03
6.118734259610073423e+03
6.050665905032160481e+03
5.919980676575363759e+03
5.857906127589482821e+03
6.100000000000000000e+03
6.159170959622309056e+03
6.193259895350481202e+03
6.320900590301084776e+03
6.100000000000000000e+03
6.100885735320439380e+03
6.050263952076250462e+03
6.108325095044359841e+03
5.969712697160023708e+03
6.030069797884117179e+03
6.154555745400667547e+03
6.198768214641205304e+03
6.240593721385873323e+03
6.315672927919105859e+03
6.100000000000000000e+03
6.165802197324521330e+03
6.239427348045751387e+03
6.182940459221304991e+03
6.205159609249273672e+03
6.290782493446165063e+03
6.300191922134092238e+03
6.100000000000000000e+03
5.961979005313103698e+03
5.991594863271495342e+03
6.013426457677659528e+03
6.005545325600432079e+03
5.992256087767175813e+03
5.970620249756723751e+03
6.060080280654723538e+03
6.010346908271806569e+03
6.053561394155322887e+03
6.379303970562273207e+03
6.100000000000000000e+03
5.974512962054275704e+03
6.066856368314298379e+03
6.078769723198646716e+03
6.237226481742063697e+03
6.391441288539669586e+03
6.100000000000000000e+03
6.057074731394118317e+03
6.077590257780972024e+03
6.220974026478752421e+03
6.165190206138734538e+03
6.182536221515337274e+03
6.103535452349986372e+03
6.042747345902730558e+03
